236 186 1
122 285 2
24 346 3
271 304 4
176 9 5
130 329 6
204 213 7
252 332 8
82 65 9
276 26 10
280 272 11
211 199 12
84 236 13
133 62 14
239 172 15
322 53 16
3 170 17
175 46 18
170 176 19
170 56 20
254 194 21
231 117 22
127 135 23
285 103 24
188 133 25
23 116 26
73 299 27
288 315 28
119 323 29
48 57 30
200 98 31
313 63 32
199 304 33
53 346 34
344 239 35
56 67 36
118 325 37
188 119 38
26 277 39
134 56 40
270 76 41
135 36 42
223 170 43
170 274 44
88 21 45
339 119 46
108 197 47
169 271 48
62 236 49
275 273 50
88 186 51
213 186 52
83 23 53
28 312 54
242 57 55
214 20 56
307 71 57
20 333 58
207 322 59
339 168 60
308 277 61
186 341 62
322 122 63
128 9 64
334 252 65
238 265 66
67 141 67
78 273 68
345 122 69
315 345 70
317 158 71
98 21 72
339 38 73
24 302 74
27 54 75
197 139 76
109 118 77
252 291 78
170 142 79
82 271 80
203 332 81
105 9 82
232 285 83
64 217 84
239 62 85
248 332 86
73 126 87
224 261 88
283 3 89
144 226 90
119 48 91
290 25 92
172 342 93
119 170 94
285 146 95
300 94 96
236 142 97
346 1 98
184 159 99
159 139 100
53 299 101
149 20 102
83 25 103
332 13 104
25 94 105
342 59 106
238 239 107
17 326 108
80 187 109
325 109 110
224 84 111
161 142 112
122 323 113
161 308 114
142 66 115
308 31 116
136 7 117
271 252 118
255 49 119
48 320 120
3 85 121
246 7 122
109 56 123
109 119 124
239 238 125
272 186 126
200 123 127
285 246 128
271 188 129
31 277 130
326 17 131
284 108 132
140 137 133
56 26 134
343 115 135
25 323 136
345 159 137
297 26 138
343 149 139
320 48 140
200 109 141
185 271 142
7 136 143
326 149 144
104 56 145
339 136 146
308 142 147
324 329 148
9 252 149
1 315 150
21 274 151
119 171 152
345 67 153
280 1 154
313 265 155
277 271 156
56 88 157
9 203 158
85 176 159
111 343 160
14 20 161
310 32 162
304 30 163
199 222 164
92 346 165
72 40 166
284 184 167
125 136 168
134 118 169
9 322 170
302 266 171
332 104 172
40 199 173
212 67 174
200 277 175
82 169 176
270 203 177
308 172 178
261 63 179
146 313 180
188 285 181
57 92 182
168 304 183
199 265 184
332 98 185
169 136 186
213 57 187
248 277 188
98 271 189
56 141 190
310 17 191
199 118 192
239 141 193
21 212 194
176 128 195
175 278 196
203 25 197
265 40 2
26 252 3
339 340 4
172 232 5
31 237 6
311 265 7
309 135 8
330 80 9
230 70 10
272 159 11
21 134 12
24 53 13
40 332 14
261 16 15
239 223 16
304 249 17
277 39 18
224 141 19
142 345 20
72 141 21
313 21 22
261 271 23
276 25 24
109 200 25
288 25 26
329 291 27
194 242 28
223 203 29
290 170 30
261 325 31
36 251 32
291 10 33
342 67 34
21 55 35
108 284 36
3 228 37
168 31 38
67 69 39
323 142 40
261 113 41
55 200 42
13 277 43
322 25 44
258 257 45
285 136 46
80 320 47
265 98 48
252 248 49
62 200 50
313 54 51
196 249 52
323 85 53
82 231 54
141 224 55
342 119 56
304 325 57
136 156 58
325 104 59
211 325 60
304 158 61
254 302 62
92 242 63
30 303 64
274 188 65
28 310 66
271 30 67
286 81 68
144 326 69
265 56 70
249 57 71
341 186 72
174 293 73
33 42 74
312 28 75
199 212 76
9 323 77
168 347 78
67 142 79
1 53 80
115 2 81
333 2 82
332 38 83
291 280 84
119 54 85
271 232 86
135 281 87
258 9 88
285 200 89
330 94 90
263 175 91
212 304 92
238 342 93
284 159 94
111 279 95
141 172 96
66 21 97
313 203 98
84 51 99
139 320 100
25 186 101
252 338 102
200 188 103
59 342 104
162 149 105
304 322 106
185 169 107
252 236 108
25 290 109
56 185 110
158 40 111
238 222 112
56 128 113
199 261 114
271 203 115
63 313 116
62 161 117
302 57 118
19 175 119
98 172 120
28 144 121
249 213 122
239 252 123
332 25 124
265 203 125
303 104 126
339 161 127
119 39 128
239 211 129
313 172 130
200 122 131
104 303 132
75 9 133
137 312 134
272 203 135
218 78 136
261 268 137
314 65 138
57 213 139
21 56 140
7 213 141
139 281 142
5 122 143
55 21 144
80 24 145
178 38 146
186 109 147
304 21 148
192 49 149
203 21 150
285 271 151
122 248 152
104 322 153
312 243 154
302 254 1
236 169 2
304 324 3
266 249 4
3 280 5
243 312 6
211 98 7
195 181 8
8 245 9
297 185 10
113 104 11
10 142 12
129 7 13
56 297 14
248 323 15
273 328 16
115 19 17
36 309 18
129 168 19
242 194 20
343 2 21
21 169 22
226 343 23
40 200 24
172 331 25
326 343 26
134 26 27
332 329 28
3 200 29
331 109 30
150 128 31
101 299 32
203 59 33
231 315 34
265 199 35
99 296 36
322 290 37
296 102 38
118 261 39
238 56 40
117 231 41
312 149 42
304 308 43
105 277 44
204 196 45
315 303 46
284 21 47
239 21 48
312 326 49
277 161 50
340 213 51
98 223 52
172 277 53
128 104 54
313 222 55
98 331 56
299 194 57
122 141 58
324 217 59
291 25 60
13 188 61
104 318 62
261 65 63
265 128 64
163 173 65
116 14 66
92 1 67
26 3 68
165 121 69
3 25 70
149 226 71
328 306 72
172 141 73
303 315 74
56 239 75
122 274 76
46 177 77
249 180 78
73 1 79
272 346 80
53 48 81
199 119 82
248 38 83
24 187 84
196 67 85
304 172 86
87 136 87
323 141 88
323 62 89
189 217 90
280 236 91
115 137 92
25 276 93
186 55 94
30 56 95
60 285 96
197 127 97
334 26 98
304 170 99
259 8 100
346 184 101
186 199 102
200 39 103
185 344 104
184 329 105
149 162 106
285 213 107
185 290 108
13 261 109
204 5 110
109 26 111
169 40 112
194 196 113
85 156 114
67 55 115
98 285 116
123 342 117
118 283 118
45 67 119
80 48 120
162 343 121
272 21 122
271 133 123
67 297 124
13 118 125
115 28 126
230 23 127
58 269 128
46 175 129
25 169 130
80 57 131
135 197 132
203 161 133
113 261 134
116 23 135
275 218 136
285 170 137
314 199 138
279 111 139
126 48 140
36 320 141
137 167 142
140 326 143
130 48 144
302 94 145
315 80 146
101 80 147
23 227 148
92 194 149
2 20 150
72 252 151
323 96 152
91 8 153
143 177 154
200 30 155
257 26 156
331 324 157
142 322 158
188 104 159
239 276 160
23 61 161
325 21 162
204 94 163
346 194 164
223 186 165
56 252 166
113 142 167
26 21 168
285 323 169
290 176 170
93 167 171
276 122 172
96 133 173
41 243 174
188 304 175
203 313 176
200 170 177
232 200 178
235 5 179
6 89 180
171 107 181
257 169 182
224 232 183
271 79 184
187 24 185
141 67 186
113 66 187
56 103 188
59 271 189
40 213 190
158 26 191
211 82 192
285 208 193
119 285 194
26 9 195
40 133 196
143 175 197
56 132 198
45 221 199
212 344 200
285 315 201
301 324 202
21 170 203
326 214 204
281 159 205
281 251 206
109 67 207
25 232 208
59 56 209
92 180 210
122 284 211
322 48 212
277 308 213
290 323 214
167 93 215
250 59 216
106 29 217
274 341 218
249 302 219
118 239 220
111 337 221
252 109 222
56 55 223
80 266 224
252 134 225
104 67 226
94 346 227
141 280 228
325 161 229
322 203 230
96 274 231
158 315 232
199 98 233
134 132 234
280 98 235
254 187 236
329 269 237
297 21 238
100 150 239
110 264 240
266 330 241
171 150 242
322 45 243
72 165 244
344 257 245
184 21 246
119 332 247
257 236 248
277 324 249
332 248 250
329 119 251
225 86 252
232 56 253
291 224 254
53 196 255
315 213 256
322 136 257
181 152 258
141 257 259
180 80 260
26 199 261
45 104 262
332 67 263
303 45 264
250 252 265
3 26 266
98 148 267
185 55 268
172 239 269
295 239 270
325 98 271
252 113 272
323 119 273
188 315 274
55 203 275
137 111 276
224 200 277
194 80 278
295 104 279
17 140 280
266 302 281
232 212 282
249 24 283
200 323 284
323 122 285
203 65 286
259 201 287
161 56 288
119 252 289
238 82 290
197 251 291
105 272 292
291 332 293
289 137 294
195 306 295
313 26 296
108 21 297
98 203 298
260 160 299
346 204 300
271 21 301
334 113 302
172 238 303
299 48 304
65 314 305
1 194 306
175 321 307
261 223 308
10 169 309
185 315 310
67 136 311
203 211 312
329 272 313
203 297 314
212 239 315
80 194 316
161 118 317
170 250 318
176 290 319
225 227 320
324 118 321
98 104 322
318 119 323
291 72 324
38 141 325
156 295 326
31 51 327
123 334 328
251 284 329
19 312 330
53 322 331
203 67 332
89 6 333
235 21 334
68 177 335
227 177 336
281 108 337
280 188 338
144 14 339
126 88 340
315 249 341
232 40 342
131 99 343
103 271 344
119 185 345
200 3 346
7 22 347
132 134 348
239 212 349
231 178 350
21 223 351
194 266 352
109 186 353
127 284 354
322 56 355
123 67 356
299 346 357
144 23 358
149 326 359
56 75 360
144 343 361
98 122 362
31 291 363
272 108 364
118 26 365
232 298 366
13 172 367
184 135 368
200 75 369
203 82 370
280 121 371
177 278 372
236 297 373
26 265 374
331 56 375
298 40 376
262 220 377
314 342 378
127 36 379
94 53 380
186 178 381
41 230 382
118 268 383
185 274 384
161 252 385
199 203 386
299 24 387
175 99 388
325 252 389
87 161 390
239 234 391
302 194 392
252 29 393
142 158 394
88 73 395
16 261 396
20 44 397
3 72 398
57 249 399
278 86 400
251 36 401
44 343 402
143 131 403
50 277 404
203 200 405
72 3 406
72 200 407
252 200 408
280 332 409
254 101 410
161 21 411
86 278 412
328 275 413
91 193 414
248 169 415
9 276 416
258 141 417
303 236 418
82 331 419
97 230 420
113 132 421
53 260 422
23 175 423
186 345 424
184 139 425
239 323 426
54 27 427
291 213 428
188 170 429
62 276 430
128 265 431
170 315 432
143 278 433
188 323 434
25 158 435
56 66 436
40 232 437
123 98 438
284 36 439
331 98 440
303 109 441
25 176 442
136 339 443
104 123 444
124 170 445
174 112 446
85 323 447
325 222 448
290 56 449
3 142 450
300 130 451
109 324 452
251 108 453
218 328 454
9 176 455
128 322 456
26 203 457
252 13 458
149 115 459
111 312 460
119 313 461
68 175 462
186 9 463
128 313 464
330 242 465
211 331 466
72 26 467
67 203 468
257 315 469
236 105 470
213 87 471
21 342 472
329 184 473
224 122 474
31 168 475
67 212 476
115 312 477
273 78 478
332 158 479
26 308 480
13 238 481
159 172 482
92 24 483
207 56 484
278 225 485
115 226 1
315 158 2
56 119 3
26 232 4
135 309 5
232 231 6
172 252 7
159 127 8
68 225 9
231 9 10
23 245 11
322 60 12
141 39 13
266 53 14
176 239 15
162 326 16
304 161 17
237 31 18
169 56 19
322 1 20
1 133 21
133 96 22
115 14 23
313 199 24
304 212 25
90 179 26
346 320 27
113 342 28
142 122 29
9 258 30
75 200 31
148 119 32
320 127 33
118 211 34
280 231 35
14 226 36
281 284 37
239 325 38
9 304 39
173 163 40
30 48 41
187 302 42
56 161 43
260 126 44
165 72 45
88 48 46
103 339 47
56 62 48
188 25 49
73 331 50
272 304 51
24 266 52
67 290 53
271 172 54
172 211 55
57 277 56
118 331 57
67 188 58
211 203 59
278 46 60
113 119 61
320 184 62
194 346 63
134 66 64
51 237 65
322 130 66
56 332 67
67 123 68
199 315 69
25 231 70
56 272 71
315 291 72
266 196 73
133 141 74
243 41 75
177 175 76
65 261 77
24 180 78
243 216 79
265 311 80
249 187 81
119 217 82
85 188 83
187 101 84
309 320 85
36 197 86
87 315 87
322 161 88
28 151 89
177 131 90
239 203 91
187 92 92
299 94 93
280 304 94
31 339 95
56 221 96
179 145 97
48 54 98
3 122 99
203 331 100
53 254 101
98 113 102
56 169 103
313 239 104
8 91 105
126 322 106
22 7 107
21 9 108
67 119 109
25 76 110
83 31 111
188 165 112
137 41 113
341 9 114
271 332 115
315 133 116
312 262 117
157 124 118
121 165 119
232 158 120
249 315 121
3 188 122
297 67 123
128 176 124
218 181 125
239 232 126
21 184 127
152 4 128
340 7 129
312 111 130
327 95 131
2 333 132
59 239 133
248 26 134
249 254 135
184 346 136
59 268 137
324 109 138
82 158 139
322 85 140
169 334 141
56 59 142
252 65 143
224 291 144
120 247 145
334 21 146
325 13 147
226 2 148
119 176 149
280 290 150
277 186 151
118 200 152
9 67 153
148 109 154
248 53 155
325 186 156
323 103 157
170 3 158
197 320 159
24 194 160
342 13 161
141 122 162
298 265 163
141 72 164
285 313 165
22 339 166
343 44 167
128 26 168
178 213 169
213 246 170
340 339 171
334 339 172
342 56 173
67 75 174
277 105 175
78 218 176
330 249 177
25 119 178
67 186 179
29 338 180
291 272 181
122 128 182
142 271 183
119 122 184
194 101 185
176 170 186
159 281 187
299 187 188
13 98 189
103 169 190
266 242 191
102 296 192
257 280 193
66 56 194
94 80 195
59 186 196
143 227 197
69 67 198
239 322 199
142 31 200
332 331 201
313 315 202
177 225 203
72 113 204
324 136 205
50 314 206
269 58 207
277 175 208
40 280 209
178 88 210
346 196 211
21 332 212
325 265 213
342 98 214
148 50 215
170 128 216
141 291 217
200 67 218
161 339 219
9 105 220
324 22 221
108 36 222
119 271 223
280 252 224
21 142 225
94 320 226
45 122 227
1 48 228
136 56 229
67 109 230
123 186 231
115 140 232
26 122 233
199 238 234
227 68 235
322 323 236
203 9 237
200 199 238
116 149 239
185 103 240
115 262 241
30 9 242
276 98 243
341 322 244
274 21 245
98 261 246
142 277 247
21 239 248
211 56 249
80 300 250
186 59 251
315 313 252
196 330 253
194 180 254
242 249 255
257 25 256
276 9 257
304 224 258
204 130 259
277 57 260
96 190 261
345 285 262
230 307 263
56 203 264
204 92 265
141 199 266
150 163 267
247 29 268
25 104 269
242 53 270
186 203 271
56 122 272
246 339 273
223 172 274
73 48 275
185 322 276
50 113 277
276 236 278
282 244 279
31 308 280
211 272 281
148 113 282
211 128 283
184 281 284
344 104 285
338 203 286
29 118 287
176 26 288
55 170 289
69 26 290
277 332 291
338 252 292
271 25 293
213 345 294
304 203 295
72 232 296
48 73 297
127 21 298
56 238 299
208 188 300
312 14 301
72 56 302
40 231 303
98 325 304
127 281 305
122 142 306
319 89 307
242 266 308
266 80 309
328 4 310
322 128 311
94 315 312
21 203 313
339 129 314
172 98 315
48 88 316
188 56 317
199 325 318
317 132 319
170 304 320
274 75 321
248 67 322
186 45 323
161 87 324
291 188 325
25 148 326
277 325 327
86 225 328
211 13 329
100 323 330
246 315 331
21 105 332
170 342 333
226 28 334
334 132 335
190 23 336
322 118 337
199 239 338
318 261 339
188 67 340
113 271 341
297 188 342
264 91 343
326 28 344
113 26 345
339 87 346
104 186 347
346 101 348
236 62 349
239 122 350
199 172 351
67 272 352
347 129 353
188 291 354
127 108 355
25 252 356
272 9 357
233 256 358
326 116 359
26 334 360
239 26 361
333 149 362
133 40 363
197 272 364
104 200 365
84 224 366
223 271 367
302 24 368
242 204 369
188 239 370
342 211 371
85 322 372
125 119 373
272 211 374
239 313 375
45 200 376
303 322 377
103 285 378
5 180 379
297 322 380
199 56 381
196 266 382
195 4 383
238 203 384
142 161 385
347 168 386
67 62 387
315 203 388
170 268 389
128 271 390
111 310 391
62 142 392
14 151 393
313 60 394
92 94 395
21 277 396
48 203 397
180 48 398
29 252 399
40 334 400
239 119 401
252 103 402
104 25 403
333 343 404
36 135 405
257 344 406
203 170 407
248 252 408
303 221 409
56 9 410
59 252 411
327 89 412
186 62 413
85 271 414
161 62 415
265 67 416
175 86 417
272 236 418
236 88 419
329 150 420
99 68 421
106 169 422
325 172 423
156 67 424
17 310 425
180 187 426
119 199 427
82 118 428
166 202 429
95 319 430
172 29 431
178 30 432
332 203 433
130 300 434
342 63 435
113 67 436
277 55 437
284 197 438
324 332 439
272 285 440
142 285 441
131 227 442
322 246 443
62 67 444
204 53 445
5 204 446
271 276 447
338 31 448
20 2 449
275 195 450
1 299 451
308 21 452
188 30 453
55 239 454
261 123 455
98 280 456
161 26 457
203 186 458
2 226 459
242 180 460
31 200 461
119 208 462
297 280 463
142 104 464
269 119 465
346 127 466
7 38 467
67 345 468
271 322 469
22 277 470
332 324 471
82 56 472
272 297 473
252 325 474
155 157 475
69 25 476
20 115 477
133 271 478
9 128 479
168 7 480
236 271 481
53 191 482
231 232 483
19 293 484
158 339 485
84 82 486
53 54 487
275 78 488
203 268 489
144 151 490
64 171 491
4 306 492
237 51 493
55 56 494
185 119 495
13 236 496
199 128 497
277 120 498
297 203 499
346 272 500
108 320 501
178 345 502
213 272 503
82 148 504
221 285 505
56 334 506
200 55 507
56 136 508
326 162 509
181 275 510
56 298 511
147 95 512
185 22 513
212 172 514
67 9 515
13 148 516
54 1 517
40 271 518
239 109 519
304 109 520
109 158 521
343 111 522
271 277 523
261 313 524
249 266 525
236 69 526
25 72 527
276 271 528
306 275 529
222 118 530
315 322 531
112 19 532
142 9 533
133 236 534
9 334 535
146 50 536
329 332 537
268 118 538
304 257 539
186 285 540
169 318 541
101 187 542
291 31 543
20 226 544
300 346 545
291 258 546
148 25 547
150 329 548
62 239 549
142 323 550
186 67 551
82 13 552
94 24 553
119 109 554
44 312 555
276 200 556
313 98 557
53 317 558
26 271 559
297 9 560
67 323 561
168 22 562
170 290 563
329 197 564
226 312 565
59 261 566
56 60 567
232 21 568
194 204 569
169 26 570
30 322 571
21 119 572
302 330 573
237 84 574
243 167 575
109 331 576
175 19 577
323 3 578
30 200 579
67 196 580
121 206 581
271 141 582
308 246 583
324 301 584
172 271 585
324 150 586
148 229 587
226 41 588
297 323 589
28 326 590
104 26 591
116 312 592
9 85 593
9 199 594
92 187 595
320 300 596
331 118 597
21 88 598
55 277 599
76 270 600
218 273 601
62 323 602
158 304 603
69 304 604
291 7 605
324 119 606
17 116 607
87 246 608
109 322 609
108 281 610
30 73 611
186 200 612
249 194 613
342 172 614
54 329 615
25 141 616
188 26 617
315 323 618
25 297 619
242 158 620
119 188 621
108 184 622
26 176 623
203 308 624
342 21 625
44 111 626
142 303 627
138 19 628
339 148 629
324 213 630
285 164 631
265 331 632
323 341 633
299 180 634
242 80 635
285 117 636
252 123 637
51 83 638
214 116 639
252 322 640
161 258 641
248 21 642
56 212 643
217 119 644
236 280 645
116 140 646
325 59 647
320 108 648
186 170 649
257 272 650
53 332 651
295 212 652
13 223 653
265 239 654
334 165 655
254 330 656
223 199 657
21 136 658
174 19 659
213 96 660
9 280 661
315 98 662
129 31 663
251 281 664
88 164 665
240 23 666
325 26 667
285 277 668
98 128 669
224 332 670
297 200 671
29 231 672
130 204 673
1 88 674
221 322 675
98 59 676
315 128 677
54 313 678
164 88 679
87 213 680
334 277 681
272 185 682
309 281 683
122 280 684
331 271 685
119 280 686
22 87 687
119 128 688
158 82 689
271 142 690
323 285 691
103 136 692
204 249 693
227 23 694
329 106 695
341 56 696
226 14 697
197 36 698
262 115 699
334 304 700
265 223 701
44 20 702
272 271 703
67 200 704
169 236 705
149 2 706
341 274 707
315 26 708
56 30 709
325 239 710
31 129 711
130 73 712
95 89 713
186 21 714
325 211 715
57 80 716
206 178 717
322 62 718
226 116 719
77 40 720
31 338 721
325 200 722
109 252 723
67 332 724
181 195 725
161 9 726
88 106 727
136 304 728
170 260 729
130 88 730
80 92 731
322 88 732
53 204 733
91 110 734
14 116 735
188 342 736
194 249 737
53 330 738
67 252 739
172 118 740
20 41 741
248 200 742
308 338 743
197 108 744
96 224 745
98 272 746
211 222 747
150 64 748
224 67 749
304 98 750
310 137 751
132 158 752
105 21 753
21 308 754
219 319 755
245 8 756
308 7 757
265 325 758
315 121 759
41 115 760
284 281 761
106 231 762
169 315 763
67 325 764
26 55 765
156 188 766
101 194 767
277 170 768
258 188 769
19 174 770
304 334 771
271 331 772
239 67 773
222 199 774
332 208 775
312 305 776
328 218 777
110 259 778
170 271 779
66 67 780
341 188 781
200 9 782
199 113 783
67 271 784
134 67 785
115 116 786
94 254 787
227 86 788
67 26 789
39 141 790
118 342 791
220 115 792
261 297 793
252 82 794
189 100 795
339 334 796
218 275 797
313 261 798
101 266 799
101 302 800
49 192 801
59 325 802
169 21 803
67 280 804
134 252 805
30 236 806
322 308 807
119 82 808
100 217 809
111 20 810
122 123 811
94 180 812
346 300 813
322 21 814
293 19 815
56 199 816
203 56 817
314 82 818
158 22 819
118 172 820
239 169 821
223 342 822
184 36 823
311 325 824
208 291 825
56 222 826
239 295 827
56 313 828
272 277 829
199 134 830
9 119 831
88 80 832
185 280 833
331 203 834
310 111 835
25 199 836
200 113 837
184 57 838
72 291 839
285 303 840
299 92 841
56 211 842
322 9 843
13 313 844
322 276 845
334 9 846
5 187 847
119 26 848
60 291 849
89 95 850
9 156 851
337 111 852
141 304 853
322 158 854
28 226 855
203 325 856
200 276 857
176 25 858
7 65 859
21 235 860
129 291 861
204 266 862
252 265 863
64 119 864
119 125 865
119 325 866
73 130 867
9 66 868
142 109 869
213 53 870
271 119 871
99 102 872
280 105 873
251 135 874
312 220 875
186 236 876
277 98 877
120 277 878
26 304 879
315 280 880
1 92 881
144 17 882
239 55 883
339 31 884
5 315 885
252 25 886
125 169 887
224 213 888
99 23 889
136 122 890
236 121 891
56 277 892
82 170 893
265 238 894
41 17 895
88 322 896
325 304 897
332 291 898
313 170 899
199 291 900
280 122 901
324 199 902
188 9 903
132 45 904
130 25 905
75 304 906
291 169 907
6 147 908
194 254 909
142 170 910
21 121 911
8 264 912
88 303 913
271 170 914
48 80 915
25 280 916
94 92 917
299 249 918
175 277 919
113 25 920
186 128 921
104 188 922
302 315 923
334 169 924
304 272 925
313 342 926
203 261 927
118 324 928
30 329 929
310 151 930
303 132 931
153 280 932
303 285 933
264 8 934
105 257 935
199 186 936
224 9 937
25 291 938
104 169 939
274 40 940
339 313 941
122 31 942
308 323 943
186 221 944
40 315 945
224 276 946
161 271 947
111 17 948
252 186 949
203 285 950
189 64 951
203 118 952
338 308 953
308 87 954
280 315 955
169 122 956
67 128 957
178 322 958
156 122 959
194 92 960
280 142 961
26 40 962
307 230 963
204 57 964
248 119 965
104 325 966
186 239 967
189 150 968
128 252 969
136 169 970
132 119 971
199 9 972
150 189 973
128 170 974
239 261 975
308 26 976
26 69 977
122 203 978
36 184 979
293 174 980
277 159 981
115 343 982
41 116 983
315 324 984
280 239 985
251 21 986
26 315 987
169 104 988
53 213 989
199 40 990
109 21 991
236 257 992
25 277 993
339 22 994
186 322 995
236 13 996
313 118 997
285 185 998
332 200 999
142 134 1000
252 315 1001
296 99 1002
36 108 1003
40 329 1004
212 232 1005
217 64 1006
53 101 1007
170 200 1008
118 199 1009
122 200 1010
271 236 1011
130 257 1012
118 65 1013
322 257 1014
75 67 1015
161 277 1016
291 158 1017
77 332 1018
143 68 1019
3 67 1020
297 65 1021
342 118 1022
167 32 1023
214 137 1024
132 315 1025
26 298 1026
98 141 1027
64 189 1028
259 110 1029
19 214 1030
25 200 1031
265 298 1032
24 101 1033
119 13 1034
238 211 1035
56 231 1036
75 56 1037
143 225 1038
234 239 1039
330 204 1040
172 261 1041
62 170 1042
345 186 1043
127 251 1044
25 88 1045
304 75 1046
136 308 1047
38 248 1048
261 314 1049
186 188 1050
200 271 1051
56 342 1052
200 285 1053
200 26 1054
9 170 1055
122 261 1056
105 236 1057
4 152 1058
204 329 1059
139 251 1060
62 223 1061
40 72 1062
285 196 1063
96 213 1064
118 13 1065
91 245 1066
26 276 1067
158 142 1068
315 329 1069
271 185 1070
67 104 1071
200 280 1072
180 24 1073
101 53 1074
115 41 1075
185 25 1076
13 67 1077
213 315 1078
68 227 1079
186 323 1080
213 128 1081
67 213 1082
214 41 1083
9 342 1084
252 199 1085
24 299 1086
318 123 1087
92 204 1088
122 25 1089
297 252 1090
100 269 1091
56 72 1092
261 211 1093
322 75 1094
122 55 1095
154 219 1096
236 303 1097
75 323 1098
26 161 1099
21 236 1100
249 304 1101
344 185 1102
344 212 1103
14 28 1104
13 252 1105
178 303 1106
211 103 1107
60 239 1108
186 104 1109
203 342 1110
8 259 1111
271 199 1112
342 165 1113
82 314 1114
7 322 1115
322 242 1116
123 26 1117
211 342 1118
13 82 1119
187 346 1120
322 329 1121
113 313 1122
261 122 1123
104 203 1124
198 166 1125
142 56 1126
116 144 1127
295 26 1128
169 185 1129
211 285 1130
344 67 1131
84 237 1132
329 16 1133
122 303 1134
53 249 1135
122 56 1136
67 13 1137
82 199 1138
48 330 1139
346 130 1140
40 169 1141
109 203 1142
152 275 1143
59 250 1144
68 143 1145
180 242 1146
296 175 1147
101 330 1148
165 113 1149
126 260 1150
21 271 1151
17 41 1152
82 59 1153
342 261 1154
297 56 23
142 334 24
291 87 25
342 314 26
178 231 27
109 303 28
128 213 29
72 272 30
342 277 31
321 175 32
271 176 33
144 116 34
48 180 35
322 104 36
298 271 37
21 281 38
67 277 39
343 19 40
221 303 41
134 304 42
132 303 43
304 122 44
285 221 45
315 302 46
304 56 47
26 128 48
204 242 49
32 167 50
41 144 51
101 204 52
182 97 53
111 214 54
261 118 55
329 27 56
295 9 57
148 339 58
346 53 59
88 1 60
67 344 61
172 199 62
188 277 63
197 284 64
103 56 65
185 297 66
213 122 67
53 266 68
101 94 69
67 72 70
266 101 71
315 56 72
280 291 73
304 67 74
20 312 75
332 16 76
252 122 77
9 113 78
79 188 79
26 118 80
56 40 81
277 213 82
330 266 83
204 80 84
13 239 85
113 325 86
211 29 87
141 40 88
118 56 89
91 259 90
280 67 91
94 300 92
67 21 93
137 214 94
50 203 95
168 291 96
31 83 97
196 92 98
213 161 99
254 204 100
303 122 101
227 102 102
291 252 103
186 142 104
331 16 105
277 26 106
312 44 107
93 310 108
196 346 109
266 254 110
148 272 111
13 342 112
169 332 113
4 195 114
80 299 115
26 98 116
127 139 117
223 200 118
113 72 119
213 40 120
204 346 121
113 172 122
261 345 123
303 345 124
309 127 125
165 169 126
236 272 127
103 98 128
310 167 129
227 296 130
325 268 131
332 252 132
285 304 133
186 213 134
239 25 135
169 277 136
334 188 137
134 203 138
89 319 139
325 223 140
119 50 141
329 308 142
79 26 143
336 25 144
9 79 145
261 98 146
21 272 147
314 50 148
106 88 149
140 17 150
299 254 151
82 261 152
203 334 153
19 17 154
26 236 155
170 285 156
161 199 157
104 113 158
1 280 159
232 224 160
39 121 161
53 24 162
277 291 163
169 5 164
67 134 165
346 92 166
322 250 167
322 339 168
45 142 169
277 334 170
141 62 171
1 119 172
115 326 173
189 119 174
180 194 175
223 98 176
236 304 177
203 265 178
339 277 179
277 188 180
304 239 181
26 188 182
40 304 183
26 79 184
232 9 185
271 40 186
308 22 187
200 304 188
312 17 189
50 146 190
280 26 191
137 115 192
257 295 193
103 25 194
49 241 195
170 332 196
56 290 197
40 29 198
329 130 199
313 271 200
56 276 201
122 3 202
41 14 203
23 190 204
118 277 205
108 159 206
315 223 207
285 9 208
118 304 209
8 201 210
277 339 211
332 122 212
227 143 213
212 40 214
57 24 215
56 322 216
186 222 217
40 141 218
310 41 219
196 194 220
271 285 221
41 151 222
261 239 223
320 272 224
123 200 225
50 119 226
67 322 227
272 213 228
56 104 229
103 7 230
170 82 231
328 78 232
41 137 233
280 141 234
223 315 235
79 67 236
203 272 237
334 203 238
313 252 239
119 150 240
229 334 241
309 184 242
229 109 243
67 25 244
187 254 245
170 185 246
110 8 247
268 325 248
81 269 249
104 122 250
141 26 251
25 272 252
200 56 253
158 113 254
159 277 255
109 142 256
212 252 257
29 16 258
304 271 259
310 93 260
315 105 261
332 119 262
284 251 263
244 282 264
102 99 265
322 252 266
261 203 267
150 171 268
85 3 269
341 304 270
195 275 271
122 272 272
232 276 273
236 122 274
330 92 275
104 142 276
186 277 277
332 231 278
99 278 279
77 117 280
324 252 281
122 170 282
82 121 283
331 211 284
236 224 285
156 136 286
159 320 287
19 115 288
277 208 289
249 346 290
136 120 291
50 331 292
281 320 293
200 297 294
337 41 295
290 322 296
242 101 297
325 122 298
30 331 299
212 199 300
119 331 301
294 277 302
40 274 303
308 213 304
252 79 305
9 26 306
109 104 307
40 224 308
144 41 309
98 315 310
158 242 311
180 196 312
122 342 313
169 142 314
147 319 315
166 198 316
151 41 317
40 158 318
271 239 319
315 257 320
67 304 321
99 263 322
323 332 323
254 346 324
312 115 325
132 277 326
324 238 327
67 265 328
248 311 329
322 30 330
109 229 331
230 71 332
223 246 333
159 345 334
56 291 335
253 182 336
20 162 337
94 187 338
67 303 339
170 124 340
130 322 341
272 40 342
115 20 343
195 218 344
302 249 345
142 297 346
281 21 347
252 26 348
14 144 349
140 214 350
214 14 351
32 310 352
130 53 353
171 119 354
225 99 355
330 299 356
222 313 357
21 165 358
304 280 359
238 59 360
302 346 361
267 23 362
312 137 363
98 265 364
203 50 365
308 136 366
342 170 367
338 29 368
143 46 369
315 211 370
98 252 371
231 172 372
325 40 373
285 186 374
239 123 375
239 66 376
171 189 377
277 252 378
226 326 379
274 122 380
122 161 381
281 272 382
280 25 383
249 101 384
239 60 385
214 326 386
325 199 387
186 56 388
246 223 389
148 176 390
315 132 391
330 53 392
290 280 393
36 284 394
104 21 395
284 135 396
310 337 397
25 51 398
277 67 399
325 158 400
68 263 401
113 277 402
100 163 403
19 138 404
320 135 405
314 96 406
211 118 407
297 142 408
251 197 409
40 142 410
26 291 411
39 21 412
9 72 413
320 159 414
144 28 415
232 133 416
252 308 417
118 29 418
25 3 419
27 119 420
25 283 421
26 141 422
228 283 423
343 116 424
131 278 425
169 9 426
345 21 427
5 87 428
57 48 429
222 56 430
172 72 431
304 26 432
53 180 433
261 67 434
177 227 435
224 148 436
65 82 437
249 299 438
113 239 439
141 98 440
127 272 441
113 203 442
165 200 443
223 239 444
271 261 445
342 265 446
329 322 447
26 200 448
302 53 449
203 29 450
275 181 451
17 111 452
56 304 453
82 172 454
277 22 455
119 269 456
169 125 457
111 41 458
172 103 459
122 344 460
268 82 461
313 146 462
161 322 463
314 236 464
332 109 465
252 66 466
59 203 467
172 82 468
322 345 469
2 312 470
313 285 471
300 299 472
269 81 473
25 188 474
128 248 475
85 170 476
132 311 477
203 238 478
254 53 479
332 10 480
25 84 481
3 283 482
92 196 483
299 101 484
202 166 485
119 163 486
172 265 487
146 339 488
303 56 489
315 185 490
315 246 491
231 40 492
41 214 493
25 40 494
322 170 495
26 123 496
172 13 497
142 21 498
25 336 499
131 143 500
323 258 501
142 123 502
324 331 503
202 329 504
252 128 505
9 134 506
122 252 507
113 148 508
65 118 509
322 178 510
141 276 511
9 142 512
277 272 513
273 181 514
200 25 515
346 24 516
297 324 517
109 285 518
105 69 519
98 26 520
188 21 521
25 9 522
1 126 523
170 26 524
113 200 525
158 25 526
323 322 527
122 224 528
94 249 529
271 211 530
276 133 531
329 9 532
331 30 533
110 91 534
249 94 535
203 239 536
203 109 537
290 342 538
339 246 539
73 30 540
117 285 541
315 136 542
167 137 543
242 24 544
5 316 545
23 83 546
271 297 547
242 254 548
217 171 549
109 169 550
146 285 551
180 266 552
78 306 553
242 132 554
277 285 555
285 60 556
271 59 557
30 271 558
224 322 559
299 330 560
162 20 561
236 276 562
67 3 563
326 226 564
342 313 565
265 342 566
122 235 567
55 67 568
329 320 569
51 25 570
28 140 571
88 336 572
273 218 573
21 188 574
21 280 575
87 322 576
337 32 577
252 272 578
113 304 579
24 94 580
213 324 581
40 277 582
322 109 583
315 285 584
341 203 585
21 334 586
136 322 587
181 328 588
119 229 589
304 113 590
40 317 591
342 290 592
41 226 593
98 170 594
251 320 595
304 332 596
271 128 597
67 185 598
66 9 599
30 213 600
188 75 601
231 106 602
172 212 603
135 284 604
307 40 605
56 188 606
204 254 607
123 318 608
161 39 609
57 108 610
25 285 611
146 136 612
41 140 613
80 346 614
101 249 615
40 239 616
285 119 617
133 26 618
51 23 619
169 128 620
281 197 621
322 26 622
7 31 623
49 255 624
62 199 625
119 9 626
274 96 627
136 21 628
140 312 629
285 122 630
4 275 631
101 346 632
239 56 633
314 313 634
113 121 635
176 271 636
322 186 637
25 39 638
203 315 639
259 193 640
197 21 641
140 41 642
139 197 643
167 337 644
345 303 645
319 147 646
304 168 647
172 308 648
304 9 649
81 286 650
120 136 651
21 26 652
266 204 653
226 20 654
203 119 655
199 82 656
225 177 657
211 238 658
67 10 659
122 236 660
252 72 661
227 225 662
252 31 663
146 148 664
224 25 665
56 200 666
317 101 667
342 203 668
315 9 669
346 249 670
203 104 671
148 105 672
188 290 673
148 82 674
322 315 675
277 280 676
341 62 677
9 277 678
7 103 679
135 184 680
122 188 681
277 25 682
79 252 683
196 53 684
325 277 685
257 39 686
332 169 687
21 197 688
4 218 689
133 188 690
271 272 691
102 263 692
53 146 693
118 82 694
200 31 695
199 25 696
151 144 697
57 346 698
211 261 699
218 195 700
186 26 701
252 285 702
200 224 703
72 9 704
7 168 705
322 260 706
128 122 707
272 281 708
98 25 709
337 93 710
291 232 711
272 75 712
277 50 713
84 83 714
211 239 715
79 25 716
258 161 717
343 41 718
271 325 719
324 304 720
82 313 721
192 205 722
122 325 723
323 56 724
304 66 725
285 211 726
212 295 727
123 82 728
26 332 729
315 288 730
248 122 731
94 204 732
136 146 733
134 21 734
242 299 735
239 277 736
290 188 737
328 195 738
339 152 739
26 158 740
342 113 741
268 203 742
214 115 743
7 347 744
311 277 745
186 123 746
239 338 747
177 99 748
169 113 749
93 337 750
159 184 751
67 313 752
109 295 753
29 40 754
55 261 755
56 21 756
315 236 757
57 184 758
122 332 759
301 47 760
165 39 761
185 200 762
180 204 763
312 343 764
98 186 765
9 224 766
61 23 767
254 249 768
271 265 769
115 220 770
133 183 771
103 172 772
122 304 773
98 82 774
334 308 775
22 168 776
190 96 777
334 50 778
109 271 779
252 223 780
315 170 781
185 56 782
26 62 783
211 223 784
122 271 785
14 312 786
9 56 787
224 133 788
268 59 789
223 261 790
147 6 791
275 4 792
325 56 793
246 213 794
285 56 795
309 197 796
238 199 797
272 148 798
272 156 799
75 188 800
75 170 801
325 119 802
62 122 803
168 129 804
158 67 805
170 67 806
108 272 807
93 137 808
254 299 809
55 122 810
277 304 811
9 148 812
320 36 813
180 254 814
94 299 815
272 258 816
271 9 817
172 329 818
274 323 819
115 192 820
172 26 821
246 322 822
295 109 823
184 320 824
252 56 825
69 9 826
137 17 827
322 199 828
5 213 829
82 325 830
98 119 831
87 339 832
277 294 833
200 325 834
149 343 835
137 93 836
332 271 837
289 214 838
252 59 839
118 252 840
48 119 841
122 21 842
188 252 843
285 342 844
245 259 845
195 273 846
141 239 847
224 271 848
193 259 849
224 26 850
25 31 851
40 265 852
55 26 853
231 332 854
85 274 855
271 315 856
239 200 857
165 334 858
319 6 859
322 188 860
200 165 861
158 325 862
103 252 863
118 161 864
302 242 865
329 178 866
199 67 867
315 339 868
67 223 869
26 297 870
25 271 871
239 13 872
322 280 873
261 82 874
28 115 875
98 118 876
271 113 877
266 194 878
67 239 879
10 291 880
113 9 881
304 252 882
272 25 883
178 206 884
222 238 885
322 232 886
103 200 887
239 199 888
304 211 889
21 40 890
19 289 891
186 252 892
41 28 893
213 332 894
172 332 895
188 274 896
284 329 897
227 263 898
285 261 899
187 94 900
21 159 901
73 25 902
200 104 903
325 342 904
104 128 905
119 277 906
213 277 907
314 161 908
214 333 909
232 280 910
121 169 911
342 271 912
331 186 913
252 104 914
122 169 915
325 25 916
239 344 917
62 322 918
84 265 919
67 56 920
302 204 921
25 105 922
225 175 923
238 134 924
26 170 925
304 277 926
82 67 927
237 23 928
21 13 929
242 322 930
226 144 931
342 188 932
246 308 933
200 324 2
298 56 3
121 236 4
119 239 5
31 109 6
19 112 7
302 187 8
319 219 9
239 176 10
67 169 11
263 102 12
192 52 13
258 295 14
238 261 15
39 105 16
212 56 17
203 26 18
75 272 19
329 280 20
113 98 21
272 98 22
236 213 23
313 56 24
291 199 25
223 67 26
40 272 27
4 328 28
131 177 29
169 257 30
67 236 31
170 322 32
188 142 33
136 87 34
20 149 35
119 297 36
340 324 37
151 310 38
188 224 39
47 301 40
228 3 41
58 107 42
142 40 43
237 25 44
127 320 45
142 308 46
187 80 47
245 91 48
204 101 49
304 7 50
65 25 51
62 318 52
346 302 53
345 252 54
304 134 55
313 325 56
232 199 57
147 219 58
21 104 59
55 186 60
67 308 61
13 271 62
63 56 63
95 147 64
127 309 65
40 77 66
188 3 67
21 98 68
236 21 69
221 56 70
21 251 71
330 196 72
304 200 73
271 13 74
180 5 75
40 212 76
284 320 77
113 165 78
312 214 79
252 119 80
118 271 81
235 122 82
25 224 83
322 239 84
59 98 85
52 192 86
264 259 87
285 109 88
172 16 89
100 64 90
21 122 91
106 238 92
222 325 93
318 236 94
132 40 95
67 324 96
75 274 97
40 21 98
323 290 99
126 73 100
200 239 101
123 142 102
26 239 103
322 142 104
312 20 105
213 30 106
162 312 107
170 21 108
66 239 109
239 170 110
59 211 111
136 213 112
61 193 113
204 277 114
98 258 115
217 324 116
2 149 117
291 129 118
280 271 119
199 252 120
160 260 121
272 239 122
128 334 123
331 119 124
315 271 125
26 133 126
80 249 127
186 303 128
169 121 129
223 188 130
278 175 131
285 10 132
130 62 133
109 314 134
243 337 135
276 232 136
196 204 137
88 56 138
231 213 139
71 230 140
122 186 141
161 314 142
165 342 143
16 82 144
252 98 145
94 266 146
84 25 147
342 199 148
161 122 149
325 67 150
324 315 151
266 187 152
17 19 153
20 326 154
122 26 155
169 239 156
277 10 157
200 79 158
291 56 159
271 26 160
21 322 161
170 25 162
296 263 163
130 191 164
299 242 165
20 111 166
67 248 167
345 261 168
109 304 169
311 132 170
263 296 171
213 322 172
23 99 173
313 13 174
6 219 175
128 172 176
236 322 177
298 72 178
25 56 179
304 40 180
346 242 181
199 314 182
25 122 183
83 84 184
67 285 185
289 19 186
30 188 187
121 280 188
133 280 189
80 213 190
172 304 191
277 200 192
346 80 193
16 118 194
119 100 195
252 142 196
347 304 197
25 331 198
320 94 199
99 131 200
159 272 201
23 51 202
299 53 203
45 186 204
227 278 205
146 317 206
249 330 207
212 72 208
332 56 209
200 118 210
139 284 211
274 3 212
9 329 213
19 343 214
116 343 215
25 239 216
333 226 217
26 185 218
92 266 219
334 67 220
226 149 221
99 227 222
246 340 223
59 82 224
130 213 225
334 40 226
199 298 227
132 334 228
245 23 229
94 242 230
62 98 231
188 113 232
28 41 233
201 91 234
306 78 235
113 50 236
67 45 237
142 62 238
285 98 239
56 303 240
150 100 241
239 213 242
119 64 243
261 238 244
135 320 245
84 304 246
109 122 247
277 315 248
252 67 249
313 211 250
181 78 251
13 21 252
277 132 253
21 323 254
121 21 255
265 84 256
231 29 257
203 172 258
185 285 259
142 332 260
304 199 261
184 127 262
109 50 263
249 242 264
315 231 265
332 48 266
4 273 267
65 297 268
182 253 269
252 271 270
312 162 271
266 24 272
194 94 273
36 281 274
28 116 275
299 73 276
277 311 277
322 277 278
272 127 279
197 329 280
213 204 281
313 113 282
323 280 283
257 40 284
258 40 285
89 327 286
121 69 287
261 224 288
87 308 289
39 165 290
139 127 291
305 312 292
280 257 293
320 57 294
332 172 295
108 57 296
322 38 297
62 261 298
116 214 299
88 126 300
163 119 301
313 314 302
315 67 303
14 149 304
199 324 305
252 169 306
135 251 307
204 330 308
40 307 309
329 202 310
66 142 311
113 291 312
191 130 313
256 233 314
322 126 315
186 325 316
128 150 317
304 347 318
333 214 319
308 334 320
252 172 321
28 14 322
318 169 323
38 117 324
80 173 325
21 31 326
25 270 327
25 21 328
322 87 329
285 142 330
141 271 331
134 113 332
173 80 333
329 54 334
285 345 335
29 172 336
103 323 337
272 122 338
72 67 339
57 242 340
194 24 341
236 315 342
230 253 343
199 231 344
252 345 345
95 6 346
116 226 347
82 98 348
162 116 349
323 271 350
297 261 351
9 169 352
239 113 353
323 170 354
136 125 355
341 170 356
161 304 357
72 172 358
84 276 359
9 315 360
118 67 361
67 113 362
54 53 363
304 141 364
159 108 365
99 177 366
280 21 367
213 249 368
203 142 369
170 313 370
13 56 371
109 148 372
258 85 373
285 232 374
277 119 375
320 329 376
322 285 377
31 252 378
344 311 379
313 39 380
53 130 381
170 203 382
94 25 383
330 48 384
303 142 385
323 9 386
173 34 387
276 62 388
62 341 389
26 13 390
137 32 391
98 291 392
268 271 393
345 315 394
304 69 395
226 115 396
180 94 397
151 312 398
175 225 399
325 113 400
343 333 401
296 227 402
54 119 403
109 13 404
122 277 405
71 307 406
123 104 407
329 315 408
141 38 409
104 344 410
67 170 411
281 127 412
99 143 413
99 175 414
156 5 415
291 60 416
142 113 417
10 285 418
148 9 419
117 280 420
137 289 421
169 291 422
172 113 423
23 240 424
343 326 425
320 251 426
214 17 427
129 339 428
291 315 429
117 38 430
314 271 431
92 299 432
98 67 433
122 5 434
122 176 435
116 41 436
291 248 437
291 141 438
214 289 439
281 36 440
21 123 441
261 148 442
6 319 443
291 208 444
271 290 445
100 119 446
185 9 447
16 329 448
185 67 449
118 134 450
346 57 451
223 13 452
60 322 453
297 119 454
118 109 455
30 224 456
224 236 457
261 13 458
203 223 459
175 68 460
28 149 461
313 82 462
194 187 463
119 113 464
79 271 465
239 188 466
188 297 467
118 322 468
168 158 469
271 224 470
108 127 471
40 203 472
212 26 473
252 250 474
284 139 475
29 203 476
101 254 477
21 248 478
196 254 479
25 69 480
290 185 481
232 26 482
128 186 483
213 224 484
252 9 485
248 158 486
9 186 487
277 109 488
283 228 489
180 101 490
322 207 491
105 39 492
158 132 493
249 196 494
200 334 495
103 185 496
236 141 497
102 227 498
211 59 499
326 41 500
25 185 501
148 146 502
271 148 503
16 29 504
106 329 505
115 144 506
104 45 507
268 211 508
56 170 509
252 21 510
56 186 511
115 17 512
224 96 513
297 272 514
323 239 515
169 280 516
271 169 517
271 291 518
304 84 519
20 214 520
172 56 521
331 265 522
122 345 523
332 26 524
92 254 525
48 332 526
273 275 527
273 306 528
13 265 529
252 212 530
345 45 531
9 141 532
254 94 533
122 113 534
320 139 535
213 285 536
139 184 537
271 103 538
211 304 539
278 131 540
128 211 541
214 230 542
46 278 543
56 325 544
239 59 545
249 92 546
252 261 547
236 314 548
199 322 549
157 155 550
167 243 551
26 313 552
329 324 553
82 29 554
98 62 555
56 109 556
122 297 557
339 260 558
78 181 559
141 56 560
72 199 561
291 98 562
31 142 563
82 119 564
322 304 565
252 324 566
186 98 567
239 280 568
172 325 569
123 239 570
252 280 571
1 346 572
271 223 573
122 156 574
25 67 575
48 271 576
31 280 577
23 230 578
26 257 579
322 40 580
130 346 581
312 140 582
208 277 583
223 265 584
159 21 585
116 2 586
238 13 587
39 161 588
227 99 589
136 246 590
38 178 591
109 31 592
225 278 593
318 62 594
25 103 595
7 291 596
291 26 597
161 67 598
141 236 599
248 128 600
21 325 601
197 309 602
231 82 603
169 67 604
72 25 605
310 243 606
22 324 607
223 128 608
272 320 609
67 31 610
2 115 611
55 252 612
105 280 613
77 294 614
132 56 615
84 313 616
171 64 617
308 203 618
79 119 619
40 257 620
142 186 621
143 35 622
105 119 623
200 232 624
276 239 625
332 323 626
101 317 627
68 99 628
176 85 629
128 169 630
222 82 631
142 280 632
200 274 633
219 89 634
252 277 635
324 277 636
261 265 637
62 141 638
161 213 639
122 62 640
172 40 641
257 258 642
303 178 643
322 341 644
93 32 645
203 134 646
104 55 647
343 226 648
342 322 649
322 185 650
342 238 651
303 30 652
25 221 653
134 9 654
203 113 655
323 277 656
22 185 657
53 315 658
232 25 659
113 252 660
41 44 661
23 237 662
142 315 663
75 322 664
236 252 665
323 297 666
338 239 667
331 172 668
200 248 669
17 312 670
339 322 671
13 26 672
101 92 673
41 337 674
67 66 675
13 304 676
271 318 677
54 48 678
17 137 679
104 98 680
243 310 681
67 315 682
134 142 683
50 109 684
31 7 685
239 272 686
26 280 687
75 85 688
236 67 689
188 271 690
56 331 691
277 239 692
156 258 693
188 176 694
146 119 695
92 330 696
261 119 697
219 147 698
213 242 699
7 340 700
163 249 701
51 84 702
155 23 703
299 80 704
104 109 705
82 123 706
326 312 707
277 142 708
85 258 709
261 285 710
197 281 711
271 323 712
248 265 713
133 224 714
309 251 715
109 98 716
158 109 717
88 242 718
26 119 719
271 48 720
24 242 721
122 104 722
119 342 723
226 333 724
100 189 725
332 77 726
332 224 727
298 172 728
280 169 729
225 143 730
272 72 731
142 200 732
242 330 733
9 75 734
106 332 735
229 190 736
88 236 737
66 252 738
232 239 739
115 214 740
320 346 741
224 30 742
32 137 743
243 137 744
25 236 745
252 55 746
170 334 747
329 30 748
181 273 749
56 232 750
2 116 751
322 303 752
223 56 753
332 40 754
101 24 755
79 272 756
266 92 757
35 143 758
199 288 759
246 304 760
172 159 761
222 240 762
149 333 763
346 180 764
221 45 765
308 329 766
334 142 767
10 277 768
60 56 769
170 211 770
315 277 771
336 88 772
204 302 773
9 30 774
21 297 775
13 109 776
62 26 777
48 299 778
278 99 779
320 309 780
132 72 781
238 324 782
104 271 783
196 180 784
133 322 785
163 100 786
53 194 787
316 5 788
249 80 789
322 213 790
96 314 791
119 146 792
280 277 793
82 238 794
32 337 795
315 87 796
7 339 797
149 144 798
122 315 799
166 173 800
39 200 801
260 53 802
136 285 803
213 136 804
223 21 805
280 322 806
175 102 807
291 113 808
220 312 809
223 252 810
203 322 811
328 181 812
277 113 813
277 9 814
5 158 815
312 19 816
98 56 817
232 72 818
200 203 819
213 340 820
346 330 821
261 59 822
325 238 823
242 346 824
38 322 825
280 3 826
276 56 827
142 252 828
65 7 829
26 172 830
271 342 831
339 65 832
333 20 833
308 304 834
185 79 835
324 200 836
150 324 837
199 223 838
31 67 839
199 62 840
53 94 841
339 315 842
41 310 843
29 106 844
236 1 845
347 7 846
252 297 847
79 9 848
232 172 849
56 265 850
122 322 851
172 128 852
159 284 853
44 41 854
331 332 855
133 315 856
285 67 857
278 177 858
258 272 859
265 118 860
285 272 861
170 223 862
95 327 863
324 297 864
200 236 865
314 261 866
285 113 867
268 170 868
118 16 869
337 137 870
251 122 871
297 122 872
258 323 873
137 326 874
22 308 875
3 9 876
148 13 877
53 248 878
21 109 879
261 342 880
229 148 881
169 25 882
26 285 883
10 200 884
290 277 885
134 334 886
1 73 887
276 224 888
312 151 889
107 171 890
41 343 891
26 223 892
144 115 893
59 172 894
214 111 895
170 188 896
21 252 897
277 248 898
158 248 899
175 23 900
330 302 901
200 103 902
72 212 903
277 172 904
103 211 905
188 272 906
285 25 907
7 87 908
345 142 909
98 342 910
9 272 911
291 231 912
291 168 913
224 315 914
223 313 915
339 291 916
213 80 917
242 94 918
314 109 919
87 5 920
331 50 921
119 132 922
58 171 923
111 93 924
113 40 925
218 4 926
14 214 927
72 329 928
172 223 929
213 130 930
300 80 931
142 236 932
277 342 933
124 157 934
109 332 935
342 252 936
272 184 937
14 326 938
140 144 939
271 82 940
297 236 941
343 312 942
142 169 943
48 199 944
271 109 945
200 21 946
239 72 947
321 143 948
56 118 949
104 212 950
26 295 951
98 238 952
184 284 953
41 111 954
213 178 955
64 100 956
119 79 957
204 194 958
144 149 959
299 302 960
231 280 961
62 224 962
239 271 963
259 245 964
332 142 965
40 113 966
236 26 967
131 225 968
320 281 969
212 104 970
208 285 971
146 53 972
151 28 973
277 290 974
82 252 975
203 128 976
67 40 977
26 134 978
119 203 979
251 309 980
339 146 981
334 170 982
340 246 983
98 199 984
31 21 985
323 315 986
53 302 987
98 313 988
25 288 989
203 304 990
123 55 991
200 322 992
261 62 993
56 213 994
304 188 995
19 319 996
211 313 997
203 48 998
193 91 999
127 184 1000
9 161 1001
306 273 1002
56 82 1003
25 325 1004
65 252 1005
329 204 1006
2 326 1007
319 19 1008
323 200 1009
29 82 1010
271 238 1011
24 92 1012
113 122 1013
23 155 1014
9 297 1015
206 260 1016
109 277 1017
280 153 1018
275 152 1019
296 68 1020
101 180 1021
291 277 1022
272 188 1023
227 19 1024
259 91 1025
238 271 1026
117 77 1027
333 162 1028
334 229 1029
208 332 1030
224 188 1031
104 277 1032
315 5 1033
122 9 1034
119 105 1035
113 285 1036
14 41 1037
9 133 1038
252 161 1039
315 169 1040
41 312 1041
323 10 1042
9 185 1043
303 88 1044
203 324 1045
260 206 1046
109 239 1047
23 124 1048
119 200 1049
322 342 1050
269 329 1051
277 31 1052
78 195 1053
211 271 1054
194 1 1055
306 218 1056
238 172 1057
98 123 1058
342 223 1059
40 322 1060
306 328 1061
230 97 1062
67 118 1063
342 122 1064
265 172 1065
73 88 1066
199 48 1067
263 99 1068
104 239 1069
178 186 1070
180 53 1071
26 109 1072
345 322 1073
347 22 1074
271 212 1075
231 77 1076
26 72 1077
187 194 1078
332 277 1079
183 133 1080
135 127 1081
171 217 1082
313 223 1083
162 333 1084
122 66 1085
96 323 1086
188 258 1087
330 346 1088
309 36 1089
280 9 1090
195 78 1091
7 246 1092
25 98 1093
248 236 1094
76 25 1095
119 25 1096
265 261 1097
315 122 1098
32 93 1099
283 25 1100
260 322 1101
231 291 1102
332 53 1103
179 90 1104
239 118 1105
236 25 1106
36 127 1107
158 332 1108
285 26 1109
5 235 1110
134 238 1111
323 21 1112
303 186 1113
175 143 1114
343 214 1115
252 304 1116
72 132 1117
122 98 1118
317 53 1119
315 252 1120
205 192 1121
313 84 1122
308 67 1123
203 199 1124
312 41 1125
113 188 1126
1 236 1127
272 280 1128
346 254 1129
238 106 1130
277 323 1131
283 118 1132
272 329 1133
271 268 1134
80 94 1135
192 115 1136
21 315 1137
196 285 1138
272 291 1139
217 150 1140
92 302 1141
334 128 1142
31 25 1143
161 203 1144
105 25 1145
236 133 1146
86 175 1147
67 161 1148
16 331 1149
277 168 1150
14 343 1151
312 2 1152
26 169 1153
121 315 1154
91 264 1155
175 177 1156
119 21 1157
141 9 1158
31 122 1159
322 297 1160
280 119 1161
295 156 1162
334 56 1163
318 334 1164
203 55 1165
188 322 1166
27 324 1167
69 236 1168
337 167 1169
25 257 1170
334 123 1171
25 203 1172
318 104 1173
80 242 1174
315 53 1175
29 247 1176
82 211 1177
280 117 1178
188 200 1179
273 195 1180
231 329 1181
224 304 1182
119 148 1183
277 118 1184
122 45 1185
322 236 1186
86 177 1187
332 304 1188
21 200 1189
203 277 1190
323 75 1191
280 329 1192
199 232 1193
40 26 1194
142 3 1195
89 19 1196
17 144 1197
21 66 1198
172 298 1199
2 343 1200
276 141 1201
311 344 1202
239 304 1203
214 312 1204
25 113 1205
325 261 1206
297 109 1207
119 56 1208
236 200 1209
344 122 1210
31 304 1211
200 185 1212
19 227 1213
200 186 1214
13 59 1215
254 242 1216
180 346 1217
98 276 1218
213 303 1219
258 75 1220
272 178 1221
83 51 1222
280 31 1223
9 200 1224
277 322 1225
240 222 1226
170 186 1227
66 304 1228
315 94 1229
111 326 1230
288 199 1231
318 82 1232
56 261 1233
214 343 1234
40 325 1235
315 199 1236
272 197 1237
275 328 1238
332 106 1239
280 232 1240
62 130 1241
121 82 1242
187 249 1243
223 26 1244
118 98 1245
242 213 1246
298 26 1247
213 239 1248
284 122 1249
158 5 1250
7 304 1251
80 315 1252
48 322 1253
39 25 1254
20 14 1255
156 85 1256
319 95 1257
238 313 1258
142 10 1259
30 304 1260
3 274 1261
23 144 1262
334 318 1263
132 317 1264
123 261 1265
40 132 1266
212 271 1267
223 325 1268
25 73 1269
40 172 1270
24 80 1271
322 169 1272
91 201 1273
304 136 1274
62 56 1275
31 84 1276
46 143 1277
141 323 1278
239 231 1279
232 322 1280
188 341 1281
141 258 1282
248 291 1283
170 277 1284
40 67 1285
319 327 1286
315 21 1287
224 324 1288
211 170 1289
277 122 1290
272 141 1291
170 55 1292
303 239 1293
213 7 1294
1 322 1295
27 329 1296
7 308 1297
56 134 1298
137 310 1299
272 79 1300
38 339 1301
185 148 1302
128 315 1303
25 130 1304
315 188 1305
194 299 1306
55 123 1307
7 129 1308
66 26 1309
345 178 1310
197 159 1311
312 116 1312
170 85 1313
345 213 1314
252 334 1315
323 109 1316
94 302 1317
272 257 1318
21 232 1319
16 172 1320
9 21 1321
56 323 1322
216 243 1323
308 161 1324
274 85 1325
277 104 1326
72 239 1327
190 229 1328
322 7 1329
26 67 1330
123 122 1331
300 320 1332
133 9 1333
75 258 1334
21 108 1335
149 312 1336
203 122 1337
213 231 1338
194 302 1339
180 92 1340
128 119 1341
224 62 1342
96 62 1343
311 248 1344
242 302 1345
249 204 1346
265 211 1347
169 248 1348
313 339 1349
69 121 1350
158 317 1351
278 143 1352
130 277 1353
199 161 1354
21 161 1355
238 325 1356
9 285 1357
187 180 1358
342 325 1359
57 302 1360
9 291 1361
177 46 1362
88 53 1363
261 252 1364
98 211 1365
320 284 1366
25 237 1367
67 199 1368
218 306 1369
298 212 1370
172 59 1371
309 284 1372
80 204 1373
280 133 1374
59 13 1375
169 82 1376
152 339 1377
167 310 1378
262 312 1379
322 133 1380
277 169 1381
239 285 1382
119 67 1383
277 13 1384
56 285 1385
111 44 1386
67 342 1387
145 179 1388
227 175 1389
188 185 1390
21 345 1391
239 303 1392
77 231 1393
315 40 1394
133 1 1395
69 39 1396
237 83 1397
56 98 1398
65 13 1399
323 186 1400
116 162 1401
178 272 1402
26 113 1403
144 140 1404
139 159 1405
188 334 1406
275 306 1407
278 227 1408
29 211 1409
339 7 5
9 122 6
297 271 7
261 199 8
265 248 9
277 56 10
86 227 11
82 222 12
65 203 13
128 223 14
231 56 15
271 280 16
25 26 17
133 232 18
277 40 19
280 185 20
67 156 21
148 98 22
274 170 23
38 7 24
188 79 25
214 140 26
325 82 27
276 322 28
326 2 29
116 17 30
65 339 31
39 69 32
346 299 33
26 224 34
104 332 35
187 5 36
322 200 37
271 122 38
339 347 39
324 340 40
141 272 41
251 139 42
128 67 43
185 188 44
177 143 45
60 158 46
280 39 47
324 203 48
80 101 49
186 272 50
261 318 51
26 325 52
93 41 53
219 6 54
118 222 55
323 25 56
238 252 57
339 103 58
25 79 59
187 242 60
113 158 61
266 180 62
48 302 63
318 271 64
184 309 65
113 56 66
45 322 67
109 297 68
56 207 69
341 323 70
119 27 71
78 4 72
323 274 73
325 203 74
281 139 75
329 231 76
271 72 77
63 261 78
346 94 79
26 322 80
121 113 81
172 268 82
201 8 83
177 86 84
21 304 85
87 7 86
254 196 87
48 1 88
67 98 89
57 320 90
78 328 91
224 40 92
83 237 93
118 238 94
257 130 95
313 128 96
276 84 97
119 339 98
156 9 99
67 261 100
104 295 101
200 10 102
306 195 103
169 322 104
56 13 105
263 227 106
268 261 107
149 116 108
170 341 109
175 227 110
169 103 111
121 39 112
140 115 113
295 258 114
325 311 115
144 312 116
66 113 117
277 21 118
332 21 119
142 67 120
113 186 121
102 175 122
332 285 123
67 158 124
329 172 125
21 39 126
118 313 127
265 13 128
187 299 129
119 98 130
277 134 131
22 347 132
313 67 133
186 113 134
199 211 135
82 84 136
277 203 137
141 133 138
56 63 139
119 329 140
258 156 141
284 309 142
271 313 143
257 322 144
230 41 145
197 184 146
19 41 147
257 141 148
99 225 149
213 5 150
346 266 151
116 115 152
6 95 153
88 130 154
108 251 155
222 186 156
189 171 157
212 21 158
308 252 159
101 242 160
128 199 161
67 79 162
170 9 163
21 186 164
337 243 165
298 232 166
168 277 167
342 9 168
22 158 169
272 105 170
258 98 171
200 119 172
82 16 173
173 166 174
109 323 175
151 14 176
143 99 177
199 141 178
170 98 179
1 54 180
39 277 181
280 40 182
221 186 183
334 134 184
277 130 185
136 315 186
315 7 187
304 236 188
5 169 189
20 343 190
67 334 191
105 148 192
25 322 193
9 295 194
122 276 195
306 181 196
264 110 197
158 322 198
252 238 199
53 88 200
188 122 201
259 264 202
254 92 203
128 56 204
213 67 205
304 118 206
213 236 207
7 315 208
213 291 209
136 324 210
184 197 211
39 313 212
10 67 213
331 73 214
184 251 215
124 23 216
271 161 217
21 25 218
186 223 219
258 291 220
169 109 221
326 115 222
78 275 223
38 332 224
82 318 225
128 203 226
325 271 227
252 313 228
315 304 229
40 56 230
329 284 231
94 101 232
200 332 233
261 55 234
247 120 235
203 271 236
302 92 237
266 346 238
25 83 239
200 40 240
329 40 241
197 135 242
253 230 243
150 217 244
150 119 245
323 308 246
236 318 247
136 103 248
140 116 249
332 280 250
85 272 251
280 200 252
249 163 253
168 339 254
9 232 255
181 4 256
285 239 257
9 25 258
26 104 259
180 249 260
217 100 261
180 302 262
17 214 263
220 262 264
327 319 265
104 252 266
169 165 267
271 186 268
185 170 269
137 337 270
291 9 271
242 187 272
180 299 273
199 342 274
306 4 275
123 21 276
242 88 277
169 10 278
271 85 279
322 221 280
191 53 281
290 271 282
272 252 283
315 224 284
193 8 285
56 25 286
343 14 287
158 291 288
212 298 289
56 315 290
329 72 291
325 313 292
317 146 293
251 127 294
194 53 295
302 101 296
294 77 297
328 273 298
19 89 299
346 187 300
122 213 301
122 119 302
308 322 303
337 310 304
315 142 305
87 22 306
211 265 307
134 199 308
122 109 309
134 248 310
186 122 311
266 94 312
85 9 313
188 280 314
291 329 315
326 144 316
225 68 317
285 252 318
13 119 319
343 162 320
313 238 321
323 248 322
50 148 323
200 223 324
48 53 325
122 232 326
142 26 327
271 200 328
231 239 329
3 323 330
92 53 331
323 100 332
72 298 333
323 67 334
107 58 335
127 159 336
13 211 337
290 67 338
79 200 339
26 186 340
57 204 341
295 257 342
82 203 343
39 280 344
281 184 345
118 59 346
56 172 347
93 111 348
178 329 349
213 308 350
272 56 351
82 268 352
250 322 353
223 211 354
17 115 355
129 347 356
40 25 357
39 119 358
14 310 359
176 148 360
273 4 361
203 40 362
148 261 363
48 30 364
41 93 365
252 188 366
142 45 367
281 309 368
115 149 369
56 341 370
79 185 371
133 276 372
232 122 373
113 334 374
127 346 375
13 199 376
62 133 377
277 204 378
211 268 379
326 137 380
239 104 381
8 193 382
175 296 383
45 303 384
80 180 385
261 172 386
56 223 387
246 136 388
188 223 389
238 98 390
239 98 391
200 72 392
271 98 393
148 271 394
260 339 395
118 265 396
203 98 397
347 339 398
158 168 399
9 341 400
188 156 401
122 67 402
304 341 403
188 85 404
231 199 405
271 67 406
176 119 407
26 25 408
53 92 409
330 254 410
232 291 411
14 115 412
299 300 413
70 230 414
272 67 415
170 75 416
25 170 417
326 111 418
24 57 419
302 180 420
170 323 421
223 62 422
254 266 423
123 252 424
10 323 425
271 118 426
257 304 427
326 140 428
274 200 429
92 101 430
271 298 431
148 185 432
280 323 433
26 323 434
291 271 435
250 170 436
55 104 437
326 14 438
308 66 439
184 272 440
116 326 441
156 235 442
92 249 443
325 118 444
9 69 445
13 332 446
116 28 447
21 284 448
200 62 449
238 118 450
186 331 451
331 82 452
41 19 453
13 65 454
332 170 455
199 271 456
9 271 457
186 271 458
252 239 459
284 127 460
122 281 461
169 106 462
132 113 463
159 197 464
249 53 465
112 174 466
199 13 467
252 342 468
92 57 469
239 186 470
4 78 471
188 186 472
246 87 473
208 119 474
23 267 475
64 150 476
5 156 477
163 150 478
227 131 479
304 315 480
221 25 481
200 252 482
56 271 483
310 14 484
242 92 485
80 88 486
53 1 487
40 298 488
235 156 489
16 332 490
63 342 491
186 88 492
173 202 493
165 188 494
165 21 495
42 33 496
310 28 497
312 226 498
50 334 499
66 334 500
271 104 501
330 101 502
211 315 503
72 271 504
285 203 505
152 181 506
59 238 507
193 61 508
260 170 509
94 194 510
94 330 511
21 67 512
285 322 513
229 119 514
161 325 515
185 272 516
136 67 517
89 219 518
225 131 519
236 248 520
84 31 521
98 103 522
334 200 523
149 28 524
69 105 525
342 123 526
265 271 527
199 72 528
175 263 529
252 118 530
195 328 531
334 66 532
48 130 533
312 144 534
164 285 535
39 257 536
132 242 537
239 40 538
230 214 539
80 330 540
149 14 541
126 1 542
21 313 543
113 199 544
272 85 545
257 105 546
66 134 547
271 63 548
274 185 549
172 203 550
313 119 551
119 1 552
203 341 553
119 248 554
8 110 555
324 27 556
98 200 557
323 188 558
232 271 559
4 181 560
21 127 561
304 285 562
158 232 563
211 172 564
204 180 565
45 132 566
98 13 567
142 203 568
304 246 569
269 100 570
25 65 571
55 185 572
213 56 573
332 213 574
285 332 575
142 188 576
324 224 577
202 173 578
48 126 579
187 266 580
9 3 581
113 169 582
246 285 583
303 213 584
142 239 585
251 184 586
53 242 587
172 231 588
188 13 589
203 338 590
111 137 591
214 19 592
41 326 593
113 134 594
98 304 595
10 332 596
184 108 597
343 20 598
170 239 599
147 89 600
141 25 601
236 84 602
34 173 603
9 231 604
67 82 605
148 224 606
320 197 607
26 142 608
241 49 609
170 119 610
87 291 611
199 200 612
320 80 613
143 321 614
217 189 615
303 67 616
9 188 617
122 239 618
302 299 619
118 203 620
62 186 621
170 62 622
119 324 623
137 140 624
281 135 625
239 265 626
200 45 627
66 122 628
323 26 629
203 270 630
222 211 631
98 239 632
239 142 633
98 109 634
188 208 635
67 224 636
119 318 637
119 261 638
59 118 639
67 122 640
302 48 641
206 121 642
263 68 643
26 66 644
236 30 645
324 67 646
170 122 647
88 178 648
56 113 649
137 243 650
25 246 651
41 20 652
199 26 653
254 180 654
40 258 655
119 189 656
304 31 657
186 25 658
140 28 659
98 277 660
26 56 661
176 122 662
317 40 663
134 277 664
298 199 665
281 122 666
265 252 667
51 31 668
285 188 669
265 26 670
280 297 671
63 271 672
271 314 673
322 67 674
297 25 675
26 248 676
304 13 677
181 218 678
68 296 679
45 345 680
89 147 681
66 308 682
315 1 683
185 26 684
181 306 685
271 56 686
105 315 687
270 25 688
261 56 689
158 60 690
231 25 691
176 188 692
246 25 693
122 136 694
248 134 695
331 25 696
25 332 697
97 182 698
201 259 699
60 313 700
156 272 701
268 172 702
122 251 703
172 313 704
342 285 705
299 1 706
92 80 707
343 144 708
339 158 709
56 142 710
109 325 711
252 170 712
177 68 713
265 313 714
219 154 715
169 252 716
24 249 717
199 313 718
322 224 719
128 98 720
200 142 721
30 178 722
13 325 723
170 252 724
322 271 725
88 25 726
127 197 727
26 212 728
62 96 729
171 58 730
326 20 731
85 75 732
98 332 733
291 339 734